000001000001
000001000010
000001000011
000001000100
000001000101
000001000110
000001000111
000001001000
000001001001
000001001010
000001001011
000001001100
000001001101
000001001110
000001001111
000001010000
000001010001
000001010010
000001010011
000001010100
000001010101
000001010110
000001010111
000001011000
000001011001
000001011010
000001011011
000001011100
000001011101
000001011110
000001011111 
000010000001
000010000010
000010000011
000010000100
000010000101
000010000110
000010000111
000010001000
000010001001
000010001010
000010001011
000010001100
000010001101
000010001110
000010001111
000010010000
000010010001
000010010010
000010010011
000010010100
000010010101
000010010110
000010010111
000010011000
000010011001
000010011010
000010011011
000010011100 
000011000001
000011000010
000011000011
000011000100
000011000101
000011000110
000011000111
000011001000
000011001001
000011001010
000011001011
000011001100
000011001101
000011001110
000011001111
000011010000
000011010001
000011010010
000011010011
000011010100
000011010101
000011010110
000011010111
000011011000
000011011001
000011011010
000011011011
000011011100
000011011101
000011011110 
000100000001
000100000010
000100000011
000100000100
000100000101
000100000110
000100000111
000100001000
000100001001
000100001010
000100001011
000100001100
000100001101
000100001110
000100001111
000100010000
000100010001
000100010010
000100010011
000100010100
000100010101
000100010110
000100010111
000100011000
000100011001
000100011010
000100011011
000100011100
000100011101
000100011110
000101000001
000101000010
000101000011
000101000100
000101000101
000101000110
000101000111
000101001000
000101001001
000101001010
000101001011
000101001100
000101001101
000101001110
000101001111
000101010000
000101010001
000101010010
000101010011
000101010100
000101010101
000101010110
000101010111
000101011000
000101011001
000101011010
000101011011
000101011100
000101011101
000101011110
000101011111 
000110000001
000110000010
000110000011
000110000100
000110000101
000110000110
000110000111
000110001000
000110001001
000110001010
000110001011
000110001100
000110001101
000110001110
000110001111
000110010000
000110010001
000110010010
000110010011
000110010100
000110010101
000110010110
000110010111
000110011000
000110011001
000110011010
000110011011
000110011100
000110011101
000110011110 
000111000001
000111000010
000111000011
000111000100
000111000101
000111000110
000111000111
000111001000
000111001001
000111001010
000111001011
000111001100
000111001101
000111001110
000111001111
000111010000
000111010001
000111010010
000111010011
000111010100
000111010101
000111010110
000111010111
000111011000
000111011001
000111011010
000111011011
000111011100
000111011101
000111011110
000111011111 
001000000001
001000000010
001000000011
001000000100
001000000101
001000000110
001000000111
001000001000
001000001001
001000001010
001000001011
001000001100
001000001101
001000001110
001000001111
001000010000
001000010001
001000010010
001000010011
001000010100
001000010101
001000010110
001000010111
001000011000
001000011001
001000011010
001000011011
001000011100
001000011101
001000011110
001000011111
001001000001
001001000010
001001000011
001001000100
001001000101
001001000110
001001000111
001001001000
001001001001
001001001010
001001001011
001001001100
001001001101
001001001110
001001001111
001001010000
001001010001
001001010010
001001010011
001001010100
001001010101
001001010110
001001010111
001001011000
001001011001
001001011010
001001011011
001001011100
001001011101
001001011110
001010000001
001010000010
001010000011
001010000100
001010000101
001010000110
001010000111
001010001000
001010001001
001010001010
001010001011
001010001100
001010001101
001010001110
001010001111
001010010000
001010010001
001010010010
001010010011
001010010100
001010010101
001010010110
001010010111
001010011000
001010011001
001010011010
001010011011
001010011100
001010011101
001010011110
001010011111 
001011000001
001011000010
001011000011
001011000100
001011000101
001011000110
001011000111
001011001000
001011001001
001011001010
001011001011
001011001100
001011001101
001011001110
001011001111
001011010000
001011010001
001011010010
001011010011
001011010100
001011010101
001011010110
001011010111
001011011000
001011011001
001011011010
001011011011
001011011100
001011011101
001011011110 
001100000001
001100000010
001100000011
001100000100
001100000101
001100000110
001100000111
001100001000
001100001001
001100001010
001100001011
001100001100
001100001101
001100001110
001100001111
001100010000
001100010001
001100010010
001100010011
001100010100
001100010101
001100010110
001100010111
001100011000
001100011001
001100011010
001100011011
001100011100
001100011101
001100011110
001100011111 
