00000000
00000001
00000010
00000011
00000100
00000101
00000110
00000111
00001000
00001001
00010000
00010001
00010010
00010011
00010100
00010101
00010110
00010111
00011000
00011001
00100000
00100001
00100010
00100011
00100100
00100101
00100110
00100111
00101000
00101001
00110000
00110001
00110010
00110011
00110100
00110101
00110110
00110111
00111000
00111001
01000000
01000001
01000010
01000011
01000100
01000101
01000110
01000111
01001000
01001001
01010000
01010001
01010010
01010011
01010100
01010101
01010110
01010111
01011000
01011001